11 
53 66 66 66 66 53 53 53 53 53 66 
73 53 53 53 66 53 53 53 53 85 53 
73 73 73 73 53 53 66 53 66 66 73 
66 53 53 53 53 53 53 73 53 53 53 
66 53 53 53 53 73 85 73 73 73 53 
53 53 66 66 53 66 66 53 53 53 53 
53 53 53 53 73 53 66 53 53 53 53 
53 73 73 85 73 73 53 53 66 66 73 
66 53 66 53 53 53 53 53 53 53 53 
53 73 73 53 53 53 53 73 73 85 73 
53 53 66 66 53 66 66 53 53 53 53 


 47 348  316   74   12 181  338  309   35  3    3 
175 175    9    0    4 1300  12   41   18  183  6 
 19   0    6    9   12   0    1 3100    3  1   23 
575  10    5    3 2729  10   10    6 1186  0  132 
 56 265  165  249   45 142  391  398 2329  4  123 
190   3    0   10  313 112   31    4   91  2  546 
187   6    0    4 1889   9    7    2  138  3  123 
626  11    3    5 1232  12    5    4  207  2  433 
107  50 1029  149 2067  53  471  157    3  2  312 
171   0    0    0  125   0    0    0    0  0  431 
175 175    9    0    4 1300  12   41   18  183  6 
